aaa
1 1 1 0 0 0 0 0 0
1 1 1 0 0 0 0 0 0
0 0 0 0 0 0 0 0 0
0 0 0 0 2 0 0 0 0
0 0 0 0 2 2 0 0 0
0 0 0 2 2 0 0 0 0
0 0 0 0 0 0 0 0 0
0 0 0 0 0 0 0 14 0
0 0 0 0 14 0 0 0 0
nd
aab
1 1 1 0 0 2 2 2 0
1 1 1 0 0 2 2 0 0
0 0 0 0 0 0 2 0 0
0 0 0 0 0 0 0 0 0
0 0 0 0 0 0 0 0 0
2 0 0 0 0 0 0 0 0
2 2 0 0 0 0 0 16 0
2 0 16 0 0 0 0 0 0
0 0 0 0 16 0 0 0 0
nd
aac
1 1 1 0 0 0 0 0 0
1 1 1 0 0 0 0 0 2
0 0 0 0 0 0 0 2 2
0 0 0 0 2 0 0 0 2
0 0 0 2 2 2 0 0 0
0 0 2 2 2 0 0 0 0
0 0 0 0 0 0 0 0 0
2 0 0 0 0 0 0 15 0
2 0 15 0 0 0 0 0 0
nd
aad
1 1 1 0 0 0 0 2 2
1 1 1 0 0 0 2 2 0
0 0 0 0 0 0 0 0 0
0 0 0 0 2 0 0 0 0
0 0 0 0 2 2 0 0 0
0 0 0 2 2 0 0 0 0
0 0 0 0 0 0 0 0 0
0 0 0 0 0 0 0 16 0
0 16 0 0 15 0 0 0 0
nd
aae
1 1 1 0 0 0 0 0 0
1 1 1 0 0 0 0 0 0
0 0 0 0 0 0 2 0 0
0 0 0 0 0 2 2 2 0
0 0 0 0 0 2 0 0 0
0 0 0 2 0 0 0 0 0
0 0 2 2 0 0 0 0 0
0 0 0 0 0 0 0 15 0
0 0 0 0 14 0 0 0 0
nd
aaf
1 1 1 0 0 0 0 0 0
1 1 1 0 0 0 0 0 0
0 0 0 0 0 2 0 0 2
0 0 0 0 2 2 0 0 2
2 0 0 0 0 0 0 0 2
2 0 0 2 0 0 0 0 0
2 0 0 2 0 0 0 0 0
2 2 0 0 0 19 0 0 0
0 0 0 0 0 0 0 0 0
nd